516 164 514 354 5.49403 2284
516 284 514 452 5.3545 1535
516 292 514 458 5.39449 1535
516 308 518 478 5.39482 2726
132 132 198 222 5.90222 2487
132 140 200 230 5.90772 2487
132 36 176 140 5.70743 3305
132 148 202 238 5.90336 2487
132 156 202 244 5.90275 2049
132 164 202 250 5.90698 2049
132 172 210 258 5.88123 3176
132 44 180 148 5.72903 3084
132 180 212 264 5.85249 2982
132 188 212 272 5.75731 2402
132 204 214 286 5.78121 2002
132 212 214 294 5.81341 2002
132 220 214 302 5.80345 3725
132 228 214 314 5.74173 3233
132 268 248 346 5.55839 2021
132 68 186 166 5.81873 2402
132 276 248 354 5.581 2274
132 284 250 362 5.68757 1802
132 300 286 382 5.72964 1490
132 76 188 174 5.86498 2703
132 332 296 408 5.90754 930
132 84 190 182 5.88149 2703
132 340 298 416 5.90319 930
132 356 298 430 5.86633 930
132 364 298 438 5.85081 1074
132 92 192 188 5.89356 2143
132 372 298 446 5.88306 1910
132 380 298 454 5.89523 1074
132 388 300 462 5.89957 1074
132 100 192 194 5.91325 3084
132 404 304 478 5.87044 1074
132 108 192 202 5.91066 3084
132 116 192 208 5.89535 2703
532 284 526 454 5.38528 1029
540 220 522 406 5.26997 235
540 252 530 430 5.34303 637
540 276 530 450 5.3948 1029
540 284 532 456 5.40185 1029
540 308 528 476 5.34777 2726
548 220 530 406 5.29072 235
548 268 536 446 5.38224 1200
140 156 212 246 5.90879 2049
140 164 214 252 5.9064 2049
140 172 218 260 5.82432 3234
140 44 186 150 5.70712 2724
140 180 220 268 5.82892 2982
140 188 220 274 5.79977 2703
140 196 220 282 5.78406 2703
140 204 220 288 5.7478 2002
140 52 186 156 5.74587 2500
140 212 220 296 5.80383 3725
140 220 222 304 5.79266 3725
140 228 220 314 5.689 3233
140 4 176 118 5.68751 178
140 260 252 342 5.4503 3187
140 276 256 354 5.54954 2274
140 284 256 362 5.65557 1802
140 76 194 178 5.81945 2390
140 20 180 130 5.6913 178
140 324 298 402 5.85859 1435
140 348 306 426 5.86286 1435
140 364 304 442 5.8645 2038
140 372 304 448 5.89242 1910
140 388 306 464 5.85145 1679
140 404 314 478 5.7616 1802
140 108 200 204 5.88244 2703
140 116 202 212 5.89385 3084
140 124 204 218 5.90768 2857
564 228 536 418 5.25818 474
572 276 564 456 5.19268 3477
36 132 100 190 5.53276 1899
36 148 102 202 5.61991 2155
36 156 102 210 5.63387 2553
36 164 104 218 5.58977 2553
36 172 108 226 5.59219 2553
36 44 86 110 5.60368 374
36 180 106 232 5.75524 2155
36 188 108 240 5.74475 2155
36 12 80 82 5.56977 174
36 204 110 256 5.67565 2155
36 60 90 122 5.50684 149
36 252 154 300 5.56473 1997
36 4 80 74 5.4948 151
36 260 154 314 5.56058 174
36 68 90 128 5.48988 149
36 276 162 324 5.56074 1387
36 284 166 332 5.64108 1074
36 300 170 350 5.66225 848
36 76 88 136 5.5498 46
36 308 170 358 5.77928 956
36 316 176 366 5.82826 1088
36 20 80 90 5.57539 374
36 324 178 374 5.82438 1088
36 84 90 144 5.51158 46
36 340 196 390 5.80015 1122
36 348 196 398 5.81441 1074
36 356 196 406 5.80833 1074
36 364 198 414 5.80729 1074
36 372 198 422 5.80964 1074
36 380 196 430 5.77857 1107
36 388 196 438 5.75772 1107
36 396 198 446 5.77949 1107
36 100 94 158 5.47026 2626
36 404 194 456 5.80063 1107
36 412 190 464 5.76963 1107
36 420 190 472 5.68104 1490
36 108 96 164 5.48984 6
36 452 222 426 5.80695 3160
36 116 98 174 5.55675 2876
36 124 96 182 5.55098 2876
580 108 528 342 5.38308 17139
148 132 214 230 5.90676 2487
148 140 214 234 5.87609 2487
148 148 218 242 5.90334 2487
148 156 218 248 5.88916 3084
148 164 234 258 5.86032 2982
148 180 228 270 5.82739 2982
148 188 228 276 5.81833 2703
148 12 182 120 5.69631 191
148 196 228 284 5.82554 2703
148 204 228 292 5.82986 3248
148 52 192 158 5.74246 2500
148 212 228 298 5.82273 3248
148 220 228 306 5.80438 3725
148 228 226 314 5.73603 3233
148 236 228 320 5.57907 3703
148 60 194 166 5.75885 2724
148 4 186 118 5.62876 178
148 260 258 342 5.42222 3187
148 268 258 350 5.37541 2660
148 76 206 178 5.80186 2703
148 20 190 134 5.69809 178
148 324 306 406 5.83757 1708
148 332 308 412 5.84499 2038
148 84 210 186 5.83802 3337
148 340 308 420 5.84746 2038
148 356 310 434 5.85188 2038
148 92 208 194 5.84641 2143
148 372 312 450 5.87836 2038
148 380 312 458 5.85199 1708
148 388 312 466 5.83707 2038
148 108 208 206 5.89941 2703
148 28 190 140 5.71053 2033
148 116 210 214 5.87478 3084
148 124 212 222 5.90553 2487
604 108 542 342 5.40797 17575
620 100 554 336 5.54655 16981
156 140 226 238 5.90094 2857
156 36 198 150 5.73831 3305
156 148 226 246 5.92076 2857
156 156 228 252 5.87433 2177
156 172 234 266 5.83815 2857
156 180 234 274 5.83201 2857
156 204 234 294 5.82546 3337
156 212 234 302 5.82316 3305
156 220 238 306 5.75922 2144
156 228 238 320 5.62822 3233
156 276 272 354 5.41899 2155
156 76 214 182 5.82945 2703
156 308 306 390 5.76179 2876
156 316 306 398 5.75526 2876
156 332 314 414 5.75076 1899
156 340 316 422 5.7982 1959
156 348 318 430 5.79102 1959
156 356 316 436 5.76813 1899
156 364 316 442 5.75814 1899
156 396 450 282 5.7459 5894
156 108 218 210 5.85294 2113
156 28 198 142 5.74279 3305
156 116 220 218 5.87018 3234
156 124 220 224 5.90568 2487
628 100 562 336 5.54293 16981
164 140 232 240 5.90353 2857
164 36 204 152 5.75374 3305
164 148 234 248 5.9127 2857
164 172 240 268 5.82343 2857
164 44 214 158 5.65625 3084
164 180 240 274 5.82597 2857
164 188 242 284 5.77523 2390
164 196 242 290 5.80637 3337
164 204 242 296 5.82166 3337
164 228 246 318 5.68973 3145
164 60 210 174 5.77905 2644
164 268 270 354 5.3225 2028
164 300 316 386 5.70338 2689
164 76 218 186 5.83634 2703
164 308 316 394 5.6856 2689
164 324 322 408 5.661 2111
164 84 222 192 5.82321 2703
164 340 322 424 5.64542 2111
164 356 322 438 5.66845 2111
164 364 320 444 5.68697 2028
164 92 222 200 5.82359 2467
164 380 324 462 5.74516 2028
164 388 326 470 5.75402 2028
164 28 204 146 5.75891 3305
164 116 230 222 5.86099 3234
164 124 228 226 5.90387 2857
172 132 238 236 5.81955 3234
172 140 240 244 5.86668 3234
172 148 240 250 5.84876 2899
172 156 246 256 5.8153 3234
172 180 248 278 5.82675 2703
172 188 250 286 5.8268 2703
172 196 250 292 5.84566 2703
172 204 248 300 5.82315 3337
172 212 248 306 5.74832 3248
172 220 250 314 5.72638 2144
172 228 250 320 5.67957 3145
172 60 218 174 5.80335 2724
172 68 222 182 5.80887 2724
172 292 330 382 5.56942 3377
172 300 322 386 5.60626 3400
172 308 320 394 5.55852 3400
172 92 242 206 5.74772 2143
172 100 242 214 5.78124 2143
172 116 236 222 5.86903 3234
172 124 234 230 5.87643 3234
44 36 92 106 5.60348 2834
44 148 110 206 5.56791 2467
44 156 112 214 5.71039 2857
44 172 114 228 5.64976 2983
44 44 94 112 5.65897 2689
44 180 112 234 5.77963 2467
44 188 114 242 5.77162 2467
44 12 88 86 5.53357 174
44 196 118 250 5.72093 2467
44 204 118 258 5.73193 2467
44 52 96 120 5.63825 2689
44 220 124 276 5.69915 2983
44 228 158 282 5.66415 128
44 236 158 288 5.64754 1394
44 252 162 304 5.62991 128
44 268 170 318 5.55421 1612
44 284 174 334 5.62241 1074
44 292 178 344 5.66345 1107
44 300 180 352 5.69421 848
44 76 98 142 5.46251 2857
44 20 88 92 5.61544 395
44 84 100 146 5.53182 2467
44 348 204 400 5.72273 2038
44 356 204 408 5.78455 2038
44 404 208 460 5.81292 1107
44 412 206 466 5.78233 1107
44 420 206 476 5.77058 2689
44 108 106 168 5.53092 2689
44 28 86 98 5.5995 395
44 476 94 420 5.76137 5536
44 124 104 182 5.64737 2663
180 36 222 158 5.76603 1505
180 164 254 266 5.78169 3176
180 44 226 158 5.77551 2724
180 188 256 286 5.8478 2703
180 196 256 294 5.83325 2703
180 204 256 302 5.81448 3337
180 228 258 322 5.68648 3233
180 60 226 178 5.80425 2724
180 68 230 184 5.808 2724
180 76 232 192 5.79202 3084
180 308 332 398 5.52231 2724
180 92 250 208 5.7832 2143
180 108 242 218 5.7875 2703
180 116 242 226 5.81821 3176
180 476 298 478 5.74207 1741
180 124 242 232 5.83414 3176
188 140 252 246 5.80884 2982
188 148 254 254 5.80848 2982
188 164 262 270 5.77914 1335
188 204 262 304 5.81154 1791
188 220 260 318 5.70547 1850
188 60 222 166 5.77202 2644
188 268 300 358 5.30937 388
188 308 340 400 5.53928 1415
188 116 248 228 5.77666 2170
188 124 248 236 5.7976 2982
12 132 74 178 5.52581 46
12 140 76 186 5.46434 46
12 36 60 92 5.4797 2347
12 156 78 202 5.55145 6
12 164 82 208 5.61222 31
12 172 82 216 5.62128 34
12 180 78 222 5.62511 34
12 188 82 230 5.60699 31
12 204 84 246 5.62196 6
12 212 86 254 5.59268 6
12 228 70 280 5.68474 230
12 60 64 114 5.49724 37
12 252 66 288 5.64511 1
12 276 142 318 5.58724 1387
12 292 144 334 5.71197 1107
12 300 146 342 5.768 1490
12 76 62 128 5.53507 46
12 308 148 350 5.73546 1490
12 316 154 358 5.79634 1088
12 324 152 370 5.81539 1122
12 84 66 134 5.55574 46
12 340 168 382 5.83362 1160
12 356 170 398 5.84626 1122
12 364 172 408 5.84281 1122
12 92 70 142 5.4882 37
12 372 172 416 5.80444 859
12 388 170 432 5.75418 1107
12 396 170 442 5.7781 1074
12 100 74 152 5.45176 36
12 404 170 450 5.84076 1107
12 412 170 456 5.82882 788
12 420 166 466 5.6767 1490
12 28 58 86 5.5169 2388
12 116 76 166 5.41402 6
12 468 206 442 5.77473 2169
12 124 74 170 5.47069 46
196 132 258 244 5.79756 2982
196 140 260 252 5.81805 2487
196 148 262 258 5.82831 2487
196 156 266 266 5.7727 2177
196 164 270 272 5.75915 2982
196 172 270 280 5.77039 1843
196 188 270 292 5.83427 1791
196 12 242 104 5.59971 101
196 196 268 300 5.81088 1791
196 204 268 306 5.83645 1791
196 212 270 312 5.7642 1625
196 236 296 334 5.53651 3421
196 60 240 174 5.71045 2291
196 300 344 394 5.49672 1672
196 308 344 400 5.4548 1487
196 348 336 414 5.28809 1625
196 100 248 216 5.78087 2982
196 28 246 144 5.69498 1487
196 124 258 234 5.77968 2982
204 132 270 246 5.79531 2982
204 140 268 254 5.82413 2982
204 148 270 260 5.83982 2982
204 164 276 274 5.77678 2228
204 180 278 286 5.8249 1791
204 188 278 294 5.84455 1791
204 196 276 300 5.84845 1791
204 204 278 308 5.84477 1791
204 52 262 160 5.67516 2287
204 212 278 314 5.67475 2121
204 228 286 320 5.57568 1951
204 244 310 336 5.31361 696
204 252 314 350 5.25721 127
204 316 346 410 5.27219 2170
204 108 258 228 5.75343 2982
204 28 240 162 5.55669 2033
204 124 270 238 5.78818 2982
52 132 110 194 5.60037 2899
52 140 118 202 5.55835 3234
52 36 98 110 5.64945 3248
52 164 118 222 5.75338 2899
52 172 124 230 5.74867 2899
52 44 102 114 5.64259 2689
52 180 122 238 5.76261 2899
52 188 120 242 5.76077 2467
52 204 128 260 5.74033 2467
52 212 124 270 5.68205 3248
52 220 132 276 5.68705 2983
52 236 166 290 5.67681 128
52 60 106 130 5.63915 3234
52 244 166 298 5.67286 128
52 252 170 306 5.66089 128
52 268 176 322 5.58285 374
52 68 106 138 5.5461 2899
52 284 182 338 5.61817 1074
52 292 184 346 5.72122 788
52 300 184 354 5.73284 2585
52 76 106 144 5.65804 2899
52 316 188 370 5.7173 2585
52 332 206 386 5.78079 2038
52 340 208 394 5.76718 2038
52 348 212 402 5.78743 1899
52 356 214 410 5.809 1802
52 92 108 158 5.58125 2390
52 388 222 444 5.85632 1990
52 396 220 452 5.84796 1990
52 100 110 166 5.54207 2390
52 404 218 460 5.84229 1802
52 420 220 474 5.8409 2005
52 428 210 466 5.75758 2318
52 28 98 102 5.64311 3248
52 116 112 180 5.65778 3234
52 124 110 186 5.66968 3234
212 132 276 246 5.81794 2982
212 36 248 138 5.6431 2177
212 148 276 262 5.8152 2982
212 156 278 270 5.79474 2177
212 172 284 282 5.80927 2982
212 44 272 150 5.6462 2287
212 180 284 290 5.81198 2228
212 188 284 298 5.80954 2228
212 196 284 306 5.8008 2228
212 204 284 312 5.78929 2228
212 220 310 322 5.61309 2792
212 236 314 338 5.51287 3703
212 60 254 190 5.74119 2982
212 84 260 210 5.77963 2430
212 92 262 216 5.78387 1921
212 108 266 228 5.79536 1921
220 140 282 258 5.79786 2487
220 148 282 266 5.81598 2487
220 156 286 272 5.79615 2177
220 164 290 278 5.77605 2113
220 172 292 284 5.667 2430
220 44 266 146 5.64739 2113
220 180 298 292 5.64745 2487
220 52 260 186 5.70803 2430
220 212 290 316 5.66083 1921
220 220 314 320 5.6244 2792
220 68 258 196 5.66187 2487
220 84 266 210 5.72683 2430
220 92 270 218 5.80185 1921
220 100 272 226 5.79504 1921
228 148 290 268 5.73812 2002
228 60 266 194 5.62332 2474
236 132 294 258 5.74335 2347
236 148 296 268 5.70983 2347
236 84 470 174 5.50622 20345
236 124 290 250 5.69663 2347
60 140 126 204 5.53951 2703
60 36 108 112 5.69673 3084
60 148 126 212 5.61466 3337
60 156 128 218 5.78747 3305
60 164 130 226 5.79659 3305
60 172 130 232 5.7763 3305
60 180 130 240 5.74893 3305
60 188 134 250 5.72568 3337
60 196 138 256 5.77363 3337
60 204 134 264 5.79014 3337
60 52 110 126 5.65535 2724
60 228 170 286 5.64422 128
60 236 172 294 5.63631 128
60 244 174 302 5.68034 128
60 252 182 310 5.71337 191
60 4 104 86 5.44671 173
60 260 182 318 5.68908 191
60 268 182 330 5.56637 427
60 284 190 342 5.58575 859
60 300 192 356 5.69837 2585
60 308 190 364 5.72522 956
60 316 196 372 5.73504 2585
60 332 210 386 5.7545 2318
60 348 222 404 5.7971 1802
60 364 230 418 5.84509 2139
60 92 120 162 5.68069 3084
60 372 232 428 5.82222 2139
60 380 230 438 5.83432 2139
60 388 230 444 5.85548 1990
60 396 228 454 5.84224 1990
60 100 118 168 5.61332 3084
60 404 228 462 5.8365 1107
60 412 228 470 5.84981 2139
60 420 226 478 5.86597 2139
60 28 106 104 5.63303 3248
60 116 120 182 5.72073 3176
60 468 118 392 5.87339 5791
60 476 118 400 5.86749 5791
60 124 120 190 5.70602 3176
244 180 356 304 5.61275 46
244 196 356 312 5.54945 393
244 76 296 74 5.42376 8930
244 84 478 172 5.5234 19630
244 92 476 178 5.54417 19630
244 100 332 240 5.48999 322
244 460 570 346 5.37477 963
252 164 364 292 5.61334 46
252 172 362 298 5.62814 29
252 76 580 214 5.06226 10555
252 460 578 346 5.38853 963
4 132 66 176 5.49228 33
4 172 76 214 5.56509 9
4 188 78 230 5.52054 9
4 196 70 236 5.48595 230
4 52 60 104 5.50535 2231
4 236 62 286 5.66972 230
4 284 136 324 5.57131 1415
4 292 138 332 5.68401 788
4 300 140 340 5.68782 848
4 76 60 124 5.51531 2205
4 308 140 348 5.74261 956
4 316 140 356 5.73227 956
4 20 50 76 5.47767 2388
4 324 146 364 5.78041 956
4 340 158 382 5.82574 1160
4 348 162 390 5.83106 859
4 356 162 396 5.84024 956
4 364 164 406 5.84264 1160
4 372 164 414 5.82835 859
4 380 164 422 5.75515 788
4 388 162 430 5.72202 788
4 396 166 446 5.7098 848
4 404 160 448 5.83015 788
4 412 160 456 5.80495 788
4 428 160 472 5.64973 956
4 108 66 154 5.45671 13
4 28 50 84 5.50969 2340
4 116 66 162 5.44917 13
260 132 362 266 5.69655 46
260 148 364 282 5.67966 46
260 156 374 286 5.63086 46
260 164 372 292 5.57616 46
260 172 370 298 5.61095 37
260 180 368 304 5.52398 46
260 244 338 360 5.34773 17
260 260 344 374 5.29171 17
268 148 378 282 5.66498 100
268 156 378 288 5.63114 108
68 132 130 200 5.66992 2724
68 36 116 114 5.67687 3084
68 148 134 214 5.68462 1796
68 164 136 230 5.79069 2084
68 172 142 242 5.78332 2084
68 44 114 122 5.70678 1335
68 188 144 252 5.74525 3337
68 12 108 94 5.53445 191
68 196 144 258 5.73349 3337
68 204 144 266 5.78386 3337
68 52 116 130 5.69136 1335
68 220 144 274 5.67436 2983
68 228 178 290 5.6341 128
68 60 118 136 5.65397 1335
68 252 186 312 5.71039 374
68 260 192 320 5.70943 374
68 268 192 328 5.70093 374
68 284 196 342 5.59274 1074
68 292 196 350 5.54812 1107
68 76 118 150 5.70028 1377
68 20 110 102 5.5807 532
68 324 216 382 5.74696 837
68 332 218 390 5.81901 891
68 348 230 408 5.83516 859
68 356 236 414 5.8994 788
68 364 238 422 5.90709 788
68 372 240 432 5.9061 788
68 380 238 438 5.89492 788
68 388 238 448 5.90949 788
68 100 128 172 5.67918 1740
68 404 238 464 5.93138 788
68 412 238 472 5.92329 788
68 108 128 178 5.66159 1335
68 452 122 386 5.84293 5791
68 116 130 186 5.70499 1796
68 468 122 394 5.87179 5791
68 124 128 192 5.73517 1796
276 164 382 296 5.50753 488
276 188 374 314 5.31643 433
276 252 358 370 5.38306 17
276 4 186 30 5.23841 11131
276 260 358 378 5.37752 17
276 268 354 384 5.33654 137
276 276 352 392 5.35169 137
276 284 356 400 5.20517 728
284 180 388 314 5.36693 640
284 260 362 378 5.3842 17
284 268 360 386 5.39889 137
284 276 360 394 5.36872 137
284 300 366 414 5.21421 283
284 308 366 422 5.26642 283
292 164 396 304 5.62035 360
292 196 358 322 5.29599 99
292 244 366 368 5.37155 17
292 284 368 402 5.21104 301
292 292 372 410 5.21107 375
292 300 372 416 5.24251 283
300 196 378 326 5.21668 45
300 244 372 370 5.26461 17
300 284 376 404 5.21479 301
300 300 378 418 5.20118 266
300 316 380 432 5.34644 283
300 100 392 250 5.48729 385
76 132 138 202 5.62287 1335
76 140 142 210 5.74049 1497
76 36 124 118 5.66824 3084
76 148 142 218 5.83589 1844
76 156 146 226 5.85063 1844
76 164 146 232 5.86501 1844
76 172 148 240 5.86513 1844
76 44 124 124 5.69552 1335
76 196 154 260 5.79486 3337
76 204 154 268 5.79173 3337
76 52 124 132 5.68077 1335
76 60 126 140 5.62273 2291
76 244 192 306 5.72257 374
76 252 194 312 5.72365 374
76 260 200 322 5.72395 374
76 268 200 328 5.7214 374
76 68 126 146 5.70682 2291
76 276 202 338 5.57985 2090
76 284 204 344 5.60735 1074
76 300 202 360 5.71211 1107
76 76 126 152 5.69966 1377
76 316 234 382 5.75765 1088
76 20 118 104 5.5812 532
76 332 230 394 5.86926 930
76 340 230 402 5.85838 930
76 356 242 416 5.88738 788
76 364 246 424 5.90325 788
76 92 134 166 5.72956 2291
76 372 248 432 5.89001 788
76 380 246 440 5.89769 788
76 388 246 450 5.89056 788
76 396 244 456 5.90676 788
76 404 244 466 5.93006 788
76 412 246 474 5.93249 788
76 108 138 180 5.63547 1335
76 28 122 110 5.59814 1487
76 452 114 390 5.85779 5536
76 116 136 188 5.7164 2115
76 124 136 194 5.70246 1796
308 44 366 210 5.65285 2318
308 196 398 332 5.46323 2390
308 244 376 372 5.39161 45
308 252 374 378 5.43117 17
308 260 374 386 5.44472 17
308 268 378 394 5.34503 120
308 300 386 420 5.172 375
308 316 386 432 5.32776 283
308 324 388 442 5.32519 283
308 340 386 456 5.29428 266
316 212 386 342 5.33625 120
316 220 384 352 5.46235 17
316 236 384 366 5.43273 120
316 252 382 380 5.43747 17
316 68 398 242 5.53788 6956
316 284 388 408 5.23758 301
316 316 394 436 5.17116 515
316 332 392 450 5.27484 266
316 340 392 458 5.28215 266
316 356 390 472 5.23932 266
20 140 86 190 5.54554 100
20 156 86 204 5.55223 6
20 172 90 218 5.61374 34
20 188 94 234 5.63206 42
20 196 92 242 5.58877 42
20 204 92 248 5.60609 6
20 52 70 108 5.5201 37
20 60 72 118 5.48588 37
20 68 74 124 5.49792 86
20 276 150 320 5.59145 1387
20 292 152 336 5.72444 1107
20 300 154 344 5.76309 1490
20 316 158 360 5.79812 1088
20 20 66 82 5.48165 2231
20 324 160 370 5.79859 1122
20 84 72 138 5.57021 46
20 340 178 384 5.82845 1122
20 348 180 394 5.8031 1074
20 356 180 402 5.83687 1122
20 364 180 410 5.83853 1122
20 92 76 144 5.49997 37
20 372 180 416 5.79585 1074
20 380 180 424 5.71113 1107
20 388 178 436 5.7827 788
20 396 176 442 5.77516 1074
20 404 176 450 5.82948 1107
20 412 178 460 5.82008 1107
20 428 174 478 5.57841 1122
20 444 210 426 5.82133 3160
20 28 64 88 5.47413 2231
20 452 206 430 5.81114 3160
20 116 82 166 5.57098 16
20 468 210 444 5.78569 2169
20 124 80 174 5.54013 16
324 252 392 382 5.23937 59
324 260 392 388 5.21747 59
324 68 406 242 5.51104 6956
324 76 326 216 5.4426 1794
324 308 398 430 5.25496 2814
324 356 400 470 5.21915 828
324 28 358 206 5.63675 1408
332 260 390 390 5.16962 606
332 308 404 434 5.2624 2814
332 28 366 204 5.64457 1803
84 132 150 206 5.71462 2644
84 36 132 122 5.66411 2170
84 148 150 220 5.87073 2413
84 156 152 228 5.8718 2413
84 164 156 234 5.86064 1844
84 172 156 240 5.86597 1844
84 44 130 128 5.6868 2049
84 188 162 256 5.80232 1497
84 196 162 264 5.79036 1497
84 212 164 282 5.64378 3305
84 60 132 144 5.74853 2049
84 244 202 310 5.6935 374
84 260 208 324 5.73412 374
84 268 210 332 5.71023 374
84 276 210 340 5.53004 2090
84 284 210 348 5.62488 1802
84 292 210 354 5.69386 1107
84 300 210 362 5.70953 1107
84 308 242 374 5.7747 1122
84 324 234 390 5.82646 1435
84 332 236 396 5.87424 1911
84 84 142 162 5.75963 1791
84 340 238 402 5.87199 930
84 356 250 420 5.90884 788
84 364 254 426 5.90017 788
84 92 142 170 5.79106 2121
84 380 252 442 5.87201 788
84 388 252 450 5.88743 788
84 396 252 462 5.89084 788
84 100 144 178 5.79579 2121
84 404 254 468 5.92399 788
84 412 254 476 5.91337 788
84 108 144 184 5.76866 2049
84 28 128 114 5.60982 1487
84 460 120 400 5.85547 5536
84 116 146 192 5.75051 2049
340 244 406 376 5.03111 390
348 44 398 218 5.62104 1377
348 252 426 394 5.08887 184
356 4 384 182 5.59762 1803
356 292 418 422 5.23972 5047
356 308 418 438 5.21717 5047
364 156 406 320 5.59769 2430
364 252 422 386 5.14019 87
364 292 424 422 5.03825 7049
92 132 150 212 5.83333 2982
92 140 158 216 5.87926 2210
92 36 140 126 5.71298 2287
92 148 160 224 5.90406 2500
92 164 164 238 5.88859 2210
92 172 166 246 5.88081 2500
92 44 140 132 5.74344 2210
92 180 166 254 5.83459 2982
92 188 170 258 5.76964 1843
92 196 172 266 5.75398 1843
92 204 170 272 5.65651 1791
92 52 142 138 5.78325 2500
92 60 140 146 5.78351 2500
92 4 128 98 5.44841 87
92 260 216 326 5.72509 374
92 268 218 334 5.65591 374
92 68 142 152 5.74991 2049
92 276 218 342 5.39388 704
92 284 218 350 5.64128 1802
92 292 218 358 5.73735 1107
92 300 218 364 5.71937 1074
92 308 242 378 5.75694 1122
92 20 142 110 5.54912 351
92 324 242 390 5.8477 1435
92 332 242 398 5.85616 1911
92 84 150 168 5.8041 2228
92 340 246 404 5.86959 1911
92 348 254 414 5.85598 1074
92 356 260 422 5.90695 788
92 364 262 428 5.91894 788
92 92 154 176 5.80801 2052
92 372 262 438 5.87304 1074
92 380 258 446 5.82679 788
92 388 260 452 5.8951 788
92 396 262 462 5.89409 788
92 404 262 470 5.9095 788
92 412 266 474 5.9007 788
92 420 256 478 5.8249 848
92 108 152 186 5.81716 2210
92 28 138 118 5.65307 2774
92 116 154 194 5.84099 2500
92 124 154 202 5.84515 2982
372 300 432 430 4.92285 3469
372 308 432 440 5.07553 4722
372 316 430 446 5.06546 4722
380 172 406 336 5.57068 2188
380 12 406 184 5.63582 1497
380 308 442 442 4.94686 3116
380 316 440 448 5.02409 3116
388 20 410 190 5.63767 1497
388 92 410 276 5.48308 2456
396 172 416 338 5.72525 2284
396 276 446 414 5.11442 506
396 284 438 414 4.99908 735
100 132 162 210 5.84208 2982
100 140 168 220 5.86712 2113
100 36 146 128 5.78195 2177
100 148 168 226 5.88632 2500
100 156 170 234 5.89182 2500
100 164 172 240 5.88486 2210
100 188 178 262 5.70218 2402
100 12 150 110 5.61598 174
100 196 180 268 5.74321 2052
100 204 182 276 5.68232 1791
100 52 150 142 5.79676 2500
100 60 150 150 5.77106 2500
100 268 224 338 5.51195 3153
100 68 146 154 5.72852 2210
100 284 224 350 5.58154 1074
100 300 226 366 5.73673 1107
100 76 154 162 5.73999 2215
100 308 248 380 5.79443 956
100 324 250 390 5.89125 837
100 332 252 398 5.88441 837
100 340 252 406 5.8529 891
100 356 270 422 5.91116 788
100 364 272 432 5.90569 788
100 372 270 440 5.85886 1074
100 388 268 454 5.87474 788
100 396 270 464 5.89174 788
100 108 162 190 5.85153 1921
100 436 144 382 5.81858 5536
100 28 144 120 5.76024 2396
100 460 128 406 5.80015 5536
100 116 160 198 5.85869 2500
100 124 160 204 5.85731 2982
404 284 450 416 5.04883 735
412 172 434 338 5.74597 2284
412 300 454 430 4.9069 3801
420 140 434 314 5.71961 2124
420 220 438 378 5.33108 1029
420 236 416 414 5.13509 246
428 140 440 318 5.73452 2627
428 188 446 354 5.63051 2402
108 132 174 214 5.83908 2287
108 36 154 130 5.7972 2177
108 156 178 236 5.89641 2210
108 164 178 242 5.89704 2210
108 172 182 250 5.87196 2500
108 180 186 258 5.82044 2982
108 188 188 264 5.81735 1497
108 196 190 272 5.82195 1497
108 52 160 146 5.73996 2049
108 212 186 286 5.67378 2002
108 220 186 294 5.56139 2620
108 60 158 152 5.78503 2857
108 260 230 334 5.50732 191
108 284 230 354 5.54495 1074
108 292 234 362 5.70342 1107
108 300 234 370 5.76725 1107
108 76 164 166 5.82725 2052
108 308 258 382 5.80702 956
108 316 258 386 5.86205 1028
108 20 152 118 5.69049 351
108 324 260 394 5.87977 837
108 332 260 402 5.8871 837
108 84 164 172 5.79684 2052
108 340 274 410 5.8893 930
108 356 278 426 5.90875 788
108 92 166 178 5.79557 2002
108 372 276 442 5.85789 1074
108 380 276 448 5.86399 1074
108 388 274 458 5.89289 788
108 396 276 464 5.88987 788
108 100 168 186 5.79786 2177
108 404 278 472 5.82648 1074
108 420 132 360 5.78197 6443
108 108 170 194 5.83957 1921
108 28 152 124 5.77474 1487
108 116 168 200 5.84307 1921
436 172 454 344 5.72817 2284
444 180 462 352 5.68897 2650
444 188 462 360 5.63654 2422
444 244 454 404 5.22588 293
444 252 454 412 5.22628 293
28 132 90 184 5.56197 16
28 140 96 192 5.55901 100
28 148 94 200 5.61063 2223
28 172 98 222 5.56909 42
28 44 76 106 5.42111 14
28 180 94 230 5.69434 2223
28 188 98 238 5.65236 2223
28 12 74 80 5.48106 179
28 196 102 246 5.66169 2223
28 204 102 258 5.61572 2223
28 52 82 114 5.48107 149
28 236 144 282 5.63105 1394
28 60 80 120 5.5184 149
28 244 146 290 5.6297 1394
28 4 72 74 5.51473 151
28 276 154 322 5.52709 1387
28 284 158 330 5.63676 1074
28 292 160 338 5.6942 788
28 300 162 346 5.64762 848
28 76 80 134 5.49425 46
28 308 164 354 5.73231 956
28 316 168 362 5.82392 1088
28 324 170 370 5.8223 1088
28 84 80 142 5.53877 46
28 340 186 386 5.81331 1122
28 348 188 396 5.81368 1074
28 356 188 404 5.82744 1074
28 364 188 412 5.81931 1160
28 372 190 420 5.80395 1074
28 380 188 428 5.71321 1107
28 388 186 436 5.75875 1107
28 396 184 444 5.75487 788
28 100 86 154 5.48802 108
28 404 186 454 5.78673 788
28 412 184 462 5.77926 788
28 420 182 470 5.7696 848
28 108 90 162 5.52678 42
28 28 72 92 5.48237 16
28 116 90 170 5.51972 16
28 124 86 176 5.51177 16
452 164 468 342 5.63135 2284
452 172 468 346 5.6639 2284
452 188 468 360 5.58706 2582
452 260 462 420 5.20255 354
452 268 462 424 5.08678 510
460 172 476 348 5.53218 3272
460 292 472 448 5.3295 3232
460 308 468 460 5.29774 3232
460 316 468 468 5.30194 3232
116 132 182 218 5.8762 2899
116 140 182 224 5.89208 2899
116 36 162 134 5.78146 2177
116 148 184 230 5.8956 2899
116 156 184 238 5.90471 2210
116 164 186 244 5.90762 2210
116 44 164 142 5.77422 2177
116 180 194 262 5.84392 2487
116 188 196 266 5.81098 1497
116 196 198 274 5.80506 1497
116 204 198 282 5.82364 1844
116 212 198 290 5.77423 3248
116 60 168 154 5.79224 2857
116 260 238 334 5.51015 191
116 268 238 340 5.26919 427
116 276 236 350 5.48631 2274
116 284 234 356 5.50225 1802
116 292 240 364 5.75691 1107
116 316 266 388 5.86411 1028
116 324 268 396 5.87866 837
116 332 284 406 5.88935 930
116 84 172 174 5.85178 2859
116 340 284 412 5.90621 930
116 348 284 418 5.90263 930
116 356 284 430 5.89006 930
116 364 284 434 5.87616 788
116 92 174 182 5.83142 2859
116 372 282 442 5.8615 1074
116 380 284 450 5.85543 1074
116 388 284 460 5.874 788
116 396 286 466 5.88527 788
116 404 286 474 5.87598 1074
116 28 160 122 5.76766 1487
116 124 176 210 5.86923 3234
468 308 478 462 5.3291 3232
468 316 476 468 5.32189 3232
476 148 482 336 5.5464 2396
476 276 478 434 5.3336 1576
476 284 484 444 5.37952 1164
476 292 484 450 5.38975 1576
476 300 486 458 5.3808 1576
476 316 484 470 5.27517 3232
476 116 476 310 5.63122 7294
484 292 492 452 5.39518 1576
484 300 490 458 5.38304 1576
484 308 490 464 5.27856 2879
484 316 490 472 5.27821 3232
492 148 492 340 5.46732 10566
492 292 496 450 5.36843 1998
124 132 190 220 5.87644 2982
124 36 170 138 5.77221 2177
124 148 194 232 5.88432 2899
124 164 194 246 5.8934 2049
124 180 202 262 5.86845 2857
124 188 204 270 5.77984 2402
124 196 204 276 5.78989 1791
124 204 204 284 5.80939 1791
124 52 174 150 5.72641 2724
124 212 204 290 5.79272 3248
124 228 208 310 5.70476 3233
124 60 176 158 5.7759 2857
124 268 242 344 5.39398 2660
124 68 178 166 5.82879 2402
124 76 182 172 5.86743 2703
124 308 270 382 5.75515 956
124 324 276 398 5.88181 837
124 332 288 406 5.90602 930
124 84 182 178 5.87587 2703
124 340 290 414 5.90051 930
124 348 292 420 5.88952 1910
124 356 292 428 5.88523 788
124 364 292 438 5.87429 788
124 92 182 186 5.86495 2143
124 372 292 446 5.8513 1107
124 380 292 452 5.87615 1074
124 388 290 460 5.88129 1074
124 396 294 470 5.8906 788
124 100 184 194 5.9125 3084
124 404 294 478 5.86605 1074
124 116 184 206 5.90521 2703
124 124 186 212 5.88423 2982
500 172 502 362 5.52179 2284
500 300 502 464 5.32567 1998
508 180 506 368 5.51841 2627
508 284 506 454 5.33609 1164
508 292 508 458 5.37264 1164
